Ticker,Date,ActualVariance,PredictedVariance,Residual
AAPL,2016-01-04,0.0002600249477855572,0.00019700247351794322,6.302247426761399e-05
AAPL,2016-01-05,0.0002171177366943014,0.0002178664653258688,-7.487286315674218e-07
AAPL,2016-01-06,0.00030489930864287463,0.00025225106465615667,5.2648243986717956e-05
AAPL,2016-01-07,0.0005070079038788131,0.00024363496997180988,0.00026337293390700327
AAPL,2016-01-08,0.0001857182389672537,0.0003609661608626568,-0.0001752479218954031
AAPL,2016-01-11,0.0001457311983353134,0.00034141351788106886,-0.00019568231954575547
AAPL,2016-01-12,0.0001585642766614287,0.0002864666560146626,-0.0001279023793532339
AAPL,2016-01-13,0.0004289505084038152,0.00027257603257042505,0.00015637447583339014
AAPL,2016-01-14,0.0010711087371638496,0.0004500512461919106,0.000621057490971939
AAPL,2016-01-15,0.0002605756221131118,0.0004604234656329559,-0.0001998478435198441
AAPL,2016-01-19,0.0004022015717531055,0.0003422607948686981,5.994077688440742e-05
AAPL,2016-01-20,0.0011201094945760084,0.0004135510790035132,0.0007065584155724952
AAPL,2016-01-21,0.00044116469868533563,0.0005097196036147437,-6.855490492940812e-05
AAPL,2016-01-22,0.00017770843557817314,0.00047682649842835183,-0.0002991180628501787
AAPL,2016-01-25,0.00010161887709344631,0.00035035672635416737,-0.00024873784926072106
AAPL,2016-01-26,0.00039889655143718035,0.0003102042845065843,8.869226693059603e-05
AAPL,2016-01-27,0.0003044524907451957,0.00035815009789414456,-5.369760714894886e-05
AAPL,2016-01-28,0.0002558134775251606,0.0004677053018514505,-0.00021189182432628987
AAPL,2016-01-29,0.00021446117741132634,0.0003768797076216436,-0.00016241853021031728
AAPL,2016-02-01,9.293388520928363e-05,0.000364155128824133,-0.0002712212436148494
AAPL,2016-02-02,0.00013318524335675442,0.0003074191619490066,-0.00017423391859225216
AAPL,2016-02-03,0.00034111330678612085,0.0002964329060954035,4.4680400690717327e-05
AAPL,2016-02-04,0.00022429553600742034,0.0003331686676668068,-0.00010887313165938644
AAPL,2016-02-05,0.00030838161418373847,0.000314832775003783,-6.451160820044547e-06
AAPL,2016-02-08,0.00024300382920769436,0.0003720513584191259,-0.00012904752921143154
AAPL,2016-02-09,0.0002030188825252244,0.00031561769919506813,-0.00011259881666984372
AAPL,2016-02-10,0.00016286936428162472,0.00030287366515885654,-0.00014000430087723182
AAPL,2016-02-11,0.00025829048908361697,0.0003360386617444824,-7.774817266086541e-05
AAPL,2016-02-12,0.00012454503570789538,0.0003341955759282764,-0.00020965054022038102
AAPL,2016-02-16,0.0001633847960511274,0.00027393295206667626,-0.00011054815601554887
AAPL,2016-02-17,0.00013906432357768374,0.00026633648059768637,-0.00012727215702000263
AAPL,2016-02-18,0.00014226109379259823,0.0002549729677257673,-0.00011271187393316909
AAPL,2016-02-19,4.9643290504353075e-05,0.00028994047264636484,-0.00024029718214201175
AAPL,2016-02-22,3.8212854847373084e-05,0.0002031635626461835,-0.00016495070779881042
AAPL,2016-02-23,8.462732621601504e-05,0.00016750935470845826,-8.288202849244321e-05
AAPL,2016-02-24,0.0003282649454503649,0.0002158780588377905,0.00011238688661257439
AAPL,2016-02-25,0.00010274326551082115,0.0002364273162609996,-0.00013368405075017846
AAPL,2016-02-26,0.00010606839728225442,0.00019686349417643757,-9.079509689418315e-05
AAPL,2016-02-29,0.0001302788903949563,0.00018316877927303346,-5.2889888878077156e-05
AAPL,2016-03-01,0.0002451639685141571,0.00017523968573395675,6.992428278020037e-05
AAPL,2016-03-02,7.551734621941132e-05,0.00023288286046886026,-0.00015736551424944893
AAPL,2016-03-03,4.56683953212237e-05,0.00018598638715282794,-0.00014031799183160425
AAPL,2016-03-04,0.0002542765085056613,0.00015680230502274463,9.747420348291667e-05
AAPL,2016-03-07,0.00015839787129908194,0.00018993066547654444,-3.1532794177462504e-05
AAPL,2016-03-08,8.814591299712986e-05,0.00018516273432472958,-9.701682132759972e-05
AAPL,2016-03-09,8.288122813760325e-05,0.00016269026551670446,-7.980903737910122e-05
AAPL,2016-03-10,0.0002111227930028148,0.0001531287961309844,5.7993996871830416e-05
AAPL,2016-03-11,2.9287329763111172e-05,0.00018574549685986918,-0.000156458167096758
AAPL,2016-03-14,4.719700148656561e-05,0.00013874715324617824,-9.155015175961264e-05
AAPL,2016-03-15,6.731282640857767e-05,0.00012680968446060332,-5.9496858052025646e-05
AAPL,2016-03-16,6.857953467057482e-05,0.00012065165664688233,-5.207212197630751e-05
AAPL,2016-03-17,9.93027194587408e-05,0.00011619189708961101,-1.688917763087021e-05
AAPL,2016-03-18,7.054188061683046e-05,0.00011409264159624218,-4.3550760979411715e-05
AAPL,2016-03-21,0.00027828804253932814,0.00011427111608098534,0.0001640169264583428
AAPL,2016-03-22,0.00011731626919107945,0.0001640177150208692,-4.670144582978975e-05
AAPL,2016-03-23,5.6175617866940835e-05,0.000159317004575661,-0.00010314138670872016
AAPL,2016-03-24,8.159471259968288e-05,0.00012930806835787813,-4.771335575819525e-05
AAPL,2016-03-28,3.449738996335378e-05,0.0001291991013757472,-9.47017114123934e-05
AAPL,2016-03-29,0.00010829075329419545,0.0001173640370051486,-9.073283710953154e-06
AAPL,2016-03-30,0.00011123717559033514,0.00014240976502919112,-3.117258943885598e-05
AAPL,2016-03-31,2.6259058879663485e-05,0.0001292682428479203,-0.00010300918396825682
AAPL,2016-04-01,8.883937162488352e-05,0.00010548926544535394,-1.664989382047042e-05
AAPL,2016-04-04,0.00013356161029613457,0.0001202822976037151,1.3279312692419476e-05
AAPL,2016-04-05,6.792782984940386e-05,0.00012830827013056784,-6.038044028116397e-05
AAPL,2016-04-06,0.00011388800386160219,0.00011181570179552591,2.072302066076284e-06
AAPL,2016-04-07,0.000157188855941365,0.00011869449963157736,3.849435630978765e-05
AAPL,2016-04-08,0.00010575789674927503,0.00014351027427214377,-3.775237752286875e-05
AAPL,2016-04-11,0.00013151901646897134,0.00012993393606721145,1.585080401759895e-06
AAPL,2016-04-12,0.00010227348164827533,0.00013739604339348165,-3.512256174520632e-05
AAPL,2016-04-13,4.7417814718805485e-05,0.00013970220006410933,-9.228438534530386e-05
AAPL,2016-04-14,3.778612386207457e-05,0.00011942242151137966,-8.163629764930508e-05
AAPL,2016-04-15,0.0001077804665371637,0.0001052717863335994,2.508680203564288e-06
AAPL,2016-04-18,0.00010775291719098077,0.0001446450812761512,-3.689216408517043e-05
AAPL,2016-04-19,0.00010501857630630212,0.00015914009680505347,-5.412152049875135e-05
AAPL,2016-04-20,0.00017160773683144937,0.0001532558993022069,1.8351837529242466e-05
AAPL,2016-04-21,5.6681043103176324e-05,0.00015520564436899664,-9.852460126582032e-05
AAPL,2016-04-22,0.00013964947826579501,0.00013889370838633078,7.557698794642318e-07
AAPL,2016-04-25,5.8626072982734315e-05,0.00013779180200780154,-7.916572902506722e-05
AAPL,2016-04-26,8.13920553660907e-05,0.0001219511002287646,-4.055904486267391e-05
AAPL,2016-04-27,0.0003497472593628103,0.00011687626791018653,0.00023287099145262376
AAPL,2016-04-28,0.0003915887372420156,0.00015933098335014676,0.00023225775389186884
AAPL,2016-04-29,0.0002759383506882558,0.00022979749097657765,4.6140859711678165e-05
AAPL,2016-05-02,0.00015755252991035007,0.0002211091902957977,-6.355666038544762e-05
AAPL,2016-05-03,0.0001951842149621982,0.00020519780523886436,-1.0013590276666156e-05
AAPL,2016-05-04,0.00019647234748080265,0.00022108177939473466,-2.460943191393201e-05
AAPL,2016-05-05,8.534615638365888e-05,0.00021528820400781517,-0.0001299420476241563
AAPL,2016-05-06,0.00013026906684249922,0.0001805978359194874,-5.0328769076988166e-05
AAPL,2016-05-09,7.821225627274078e-05,0.00019146193667420863,-0.00011324968040146785
AAPL,2016-05-10,0.00012329932279055256,0.00016033212223420183,-3.703279944364927e-05
AAPL,2016-05-11,2.917744137796835e-05,0.00015181257672251775,-0.0001226351353445494
AAPL,2016-05-12,0.00039863706931652157,0.0001333750916159016,0.00026526197770061993
AAPL,2016-05-13,0.0001561916932948323,0.0003029256613320002,-0.0001467339680371679
AAPL,2016-05-16,0.00033501688607278816,0.00020618626976820907,0.0001288306163045791
AAPL,2016-05-17,0.00011302233975535043,0.0002328615403821663,-0.00011983920062681586
AAPL,2016-05-18,9.051457447648818e-05,0.0002213695523035829,-0.0001308549778270947
AAPL,2016-05-19,5.62541218078296e-05,0.00017920762237270003,-0.00012295350056487042
AAPL,2016-05-20,3.148309402691423e-05,0.00017226587645384554,-0.00014078278242693132
AAPL,2016-05-23,0.00011113394528236853,0.0001441230786260001,-3.2989133343631566e-05
AAPL,2016-05-24,6.347699877992189e-05,0.00015974924155741013,-9.627224277748825e-05
AAPL,2016-05-25,0.00010028573714107277,0.0001576371490236768,-5.735141188260403e-05
AAPL,2016-05-26,0.0001992369295058401,0.00015200801029879773,4.722891920704237e-05
AAPL,2016-05-27,4.25743368559617e-05,0.00017362641244556446,-0.00013105207558960277
AAPL,2016-05-31,0.0001231793321392934,0.00014201238974535012,-1.8833057606056726e-05
AAPL,2016-06-01,6.236598773140208e-05,0.0001462781111428374,-8.391212341143532e-05
AAPL,2016-06-02,7.684616764102938e-05,0.00012903742281741528,-5.21912551763859e-05
AAPL,2016-06-03,3.442512378011427e-05,0.00012089295331471422,-8.646782953459996e-05
AAPL,2016-06-06,0.0009310022960962523,0.00010837993866944099,0.0008226223574268113
AAPL,2016-06-07,3.999237902574481e-05,0.00021614029986900176,-0.00017614792084325693
AAPL,2016-06-08,3.915853319344305e-05,0.00013303603611776774,-9.387750292432469e-05
AAPL,2016-06-09,6.683790275087577e-05,0.00011764441289715898,-5.080651014628321e-05
AAPL,2016-06-10,3.510950121107253e-05,0.00013012006515522278,-9.501056394415025e-05
AAPL,2016-06-13,0.00013868653126809403,0.00010672022030210323,3.19663109659908e-05
AAPL,2016-06-14,0.0001562573707132384,0.0001365597380305037,1.9697632682734705e-05
AAPL,2016-06-15,8.092130528944664e-05,0.00012768791925096146,-4.676661396151481e-05
AAPL,2016-06-16,0.00010059117070423264,0.0001255053806922672,-2.4914209988034555e-05
AAPL,2016-06-17,2.914118077145405e-05,0.00011992950875881799,-9.078832798736394e-05
AAPL,2016-06-20,9.493822490144814e-05,0.00010924851686549316,-1.4310291964045026e-05
AAPL,2016-06-21,0.00011293955302466936,0.0001394970428052049,-2.655748978053553e-05
AAPL,2016-06-22,0.00010777060204352364,0.0001238250149125373,-1.605441286901367e-05
AAPL,2016-06-23,5.7891468856688485e-05,0.0001381399479805504,-8.024847912386192e-05
AAPL,2016-06-24,0.00021963347144193375,0.00012029273667923562,9.934073476269813e-05
AAPL,2016-06-27,9.949640409532724e-05,0.00013570354333333222,-3.6207139238004984e-05
AAPL,2016-06-28,0.00011270643653173921,0.00013964146020973664,-2.6935023677997428e-05
AAPL,2016-06-29,3.9752939807882004e-05,0.00013048043052490507,-9.072749071702306e-05
AAPL,2016-06-30,6.206091036675777e-05,0.00010985248820473856,-4.7791577837980796e-05
AAPL,2016-07-01,6.390642560163073e-05,0.00011289921871095086,-4.899279310932013e-05
AAPL,2016-07-05,4.2204992617507156e-05,0.00011151592469258424,-6.931093207507709e-05
AAPL,2016-07-06,5.519769244463197e-05,8.71388963899153e-05,-3.1941203945283335e-05
AAPL,2016-07-07,3.9538211967098096e-05,9.037641214644278e-05,-5.083820017934468e-05
AAPL,2016-07-08,3.64143761797222e-05,8.555214317415619e-05,-4.913776699443399e-05
AAPL,2016-07-11,4.262503662911975e-05,8.116159939690974e-05,-3.8536562767789995e-05
AAPL,2016-07-12,1.517562742103045e-05,8.344274979309428e-05,-6.826712237206382e-05
AAPL,2016-07-13,2.447994977098516e-05,7.258625233300008e-05,-4.8106302562014915e-05
AAPL,2016-07-14,6.604935181324919e-05,6.595629386192944e-05,9.305795131975541e-08
AAPL,2016-07-15,3.1941544427050105e-05,7.440267677522204e-05,-4.246113234817194e-05
AAPL,2016-07-18,6.848964572260928e-05,6.351538237147334e-05,4.974263351135939e-06
AAPL,2016-07-19,1.81911964074666e-05,7.82187412077394e-05,-6.002754480027279e-05
AAPL,2016-07-20,2.580671455853751e-05,6.565938038186022e-05,-3.9852665823322716e-05
AAPL,2016-07-21,0.00016840183897713588,5.932735885816033e-05,0.00010907448011897555
AAPL,2016-07-22,3.59985059302664e-05,8.74992222351505e-05,-5.15007163048841e-05
AAPL,2016-07-25,0.0001589543132778879,7.617943497021821e-05,8.277487830766968e-05
AAPL,2016-07-26,0.00012623578566478308,0.0001058302539062917,2.0405531758491385e-05
AAPL,2016-07-27,5.667753021484016e-05,0.00010207116245902726,-4.53936322441871e-05
AAPL,2016-07-28,4.16039439517078e-05,0.00010323180606693469,-6.162786211522689e-05
AAPL,2016-07-29,3.4898975836787403e-05,8.239506418598094e-05,-4.7496088349193535e-05
AAPL,2016-08-01,4.275209115312686e-05,7.074343312209616e-05,-2.7991341968969293e-05
AAPL,2016-08-02,0.00010827544802666364,7.096351213860906e-05,3.731193588805458e-05
AAPL,2016-08-03,1.816365074493453e-05,8.738222612068733e-05,-6.921857537575281e-05
AAPL,2016-08-04,2.0320015650628568e-05,6.615201654685083e-05,-4.583200089622226e-05
AAPL,2016-08-05,4.5007319162049956e-05,5.857447120562618e-05,-1.3567152043576223e-05
AAPL,2016-08-08,3.908362771777972e-05,6.268178332403363e-05,-2.359815560625391e-05
AAPL,2016-08-09,2.5717715119564156e-05,6.0925589850466603e-05,-3.520787473090245e-05
AAPL,2016-08-10,3.8786038301226995e-05,6.015029751659437e-05,-2.1364259215367372e-05
AAPL,2016-08-11,3.8161241985198755e-05,6.257481229464988e-05,-2.4413570309451125e-05
AAPL,2016-08-12,1.3334204451710873e-05,6.341987008120173e-05,-5.008566562949086e-05
AAPL,2016-08-15,3.143504294403475e-05,5.39133392406271e-05,-2.2478296296592354e-05
AAPL,2016-08-16,4.1199020732257616e-05,5.345329121513374e-05,-1.2254270482876123e-05
AAPL,2016-08-17,4.430031738986497e-05,5.46944997829658e-05,-1.0394182393100829e-05
AAPL,2016-08-18,1.3347533479097558e-05,6.0563987210013264e-05,-4.7216453730915703e-05
AAPL,2016-08-19,6.310558591295564e-05,5.031116415587281e-05,1.2794421757082837e-05
AAPL,2016-08-22,6.238974701562659e-05,5.8417322041729757e-05,3.972424973896834e-06
AAPL,2016-08-23,2.4091802219282665e-05,5.871361831075273e-05,-3.462181609147006e-05
AAPL,2016-08-24,3.9280304409363625e-05,5.173326492773897e-05,-1.2452960518375342e-05
AAPL,2016-08-25,6.147728020950175e-05,5.3282790664785315e-05,8.19448954471644e-06
AAPL,2016-08-26,0.0001097506319869983,5.7048524078259854e-05,5.270210790873844e-05
AAPL,2016-08-29,5.654675296499093e-05,7.171022608794312e-05,-1.5163473122952183e-05
AAPL,2016-08-30,4.31227225348304e-05,6.474878063899832e-05,-2.162605810416792e-05
AAPL,2016-08-31,3.1741339699858215e-05,5.957143204687962e-05,-2.7830092347021404e-05
AAPL,2016-09-01,4.98477748898537e-05,5.568980707235782e-05,-5.842032182504121e-06
AAPL,2016-09-02,6.031672558973395e-05,5.749058787188351e-05,2.826137717850439e-06
AAPL,2016-09-06,2.5470963864623737e-05,5.915199739020561e-05,-3.368103352558188e-05
AAPL,2016-09-07,0.00011334393990749346,5.3897197106837975e-05,5.9446742800655484e-05
AAPL,2016-09-08,8.035350065467899e-05,7.01696786152066e-05,1.0183822039472388e-05
AAPL,2016-09-09,0.0002259967702520961,8.320737470319751e-05,0.00014278939554889858
AAPL,2016-09-12,0.0001915613574739128,0.00014528004907754475,4.628130839636805e-05
AAPL,2016-09-13,9.651937441526785e-05,0.00012582488358171302,-2.9305509166445176e-05
AAPL,2016-09-14,0.0005055359063654153,0.00011153358016902548,0.00039400232619638985
AAPL,2016-09-15,0.00010516843834473003,0.00019106867204587286,-8.590023370114283e-05
AAPL,2016-09-16,0.00016374216537936467,0.0001204470193386671,4.329514604069757e-05
AAPL,2016-09-19,0.00024968854147965503,0.00014382677413165486,0.00010586176734800017
AAPL,2016-09-20,9.2804163873946e-05,0.00018736985294961982,-9.456568907567381e-05
AAPL,2016-09-21,9.103167669355333e-05,0.00014158654918276745,-5.055487248921413e-05
AAPL,2016-09-22,3.156840644670236e-05,0.00014352464550825437,-0.00011195623906155202
AAPL,2016-09-23,0.0003222928705758801,0.000121387182145926,0.00020090568842995413
AAPL,2016-09-26,8.669655498615654e-05,0.000199807139534093,-0.00011311058454793646
AAPL,2016-09-27,2.7502842981322752e-05,0.00014072165025961285,-0.0001132188072782901
AAPL,2016-09-28,5.42796438700422e-05,0.00011363656526507023,-5.935692139502803e-05
AAPL,2016-09-29,0.0001279679518748838,0.00011068831216460178,1.727963971028203e-05
AAPL,2016-09-30,8.66579859393919e-05,0.00013633240950521465,-4.967442356582274e-05
AAPL,2016-10-03,2.2255468608374025e-05,0.00012706608394651026,-0.00010481061533813623
AAPL,2016-10-04,0.00010949922058939453,0.000108639680922304,8.595396670905292e-07
AAPL,2016-10-05,3.3038632085264396e-05,0.00013239573121559726,-9.935709913033287e-05
AAPL,2016-10-06,5.551571362336482e-05,0.0001133880147415819,-5.787230111821708e-05
AAPL,2016-10-07,4.053935083217573e-05,0.00011708142618634504,-7.654207535416932e-05
AAPL,2016-10-10,0.00012313200989692174,0.00010645176721838436,1.6680242678537377e-05
AAPL,2016-10-11,0.00016945707991559544,0.00012163377773133297,4.782330218426247e-05
AAPL,2016-10-12,5.49150184921489e-05,0.00014732475235415792,-9.240973386200903e-05
AAPL,2016-10-13,0.00010782090970946178,0.0001169440563934217,-9.123146683959914e-06
AAPL,2016-10-14,3.733026023386618e-05,0.00012241871290689704,-8.508845267303086e-05
AAPL,2016-10-17,3.94683874648752e-05,0.00010439798073681256,-6.492959327193736e-05
AAPL,2016-10-18,6.774421214700411e-06,9.018449943798586e-05,-8.341007822328545e-05
AAPL,2016-10-19,0.0005845540984663898,7.465122385592681e-05,0.0005099028746104631
AAPL,2016-10-20,3.924023898528662e-05,0.00016407763462494048,-0.00012483739563965386
AAPL,2016-10-21,1.3347464632497964e-05,0.00012179640096017465,-0.00010844893632767668
AAPL,2016-10-24,1.1393557677412085e-05,8.785358098856969e-05,-7.64600233111576e-05
AAPL,2016-10-25,3.720892150789201e-05,7.168041503055341e-05,-3.447149352266141e-05
AAPL,2016-10-26,0.00016994609273379466,7.82793359726015e-05,9.166675676119315e-05
AAPL,2016-10-27,9.294142189311456e-05,0.00011656636957140394,-2.3624947678289375e-05
AAPL,2016-10-28,0.00011782190787270946,0.00010120963743270468,1.6612270440004778e-05
AAPL,2016-10-31,4.066009142724455e-05,0.00011160731666303071,-7.094722523578615e-05
AAPL,2016-11-01,0.00029885830398121644,0.00010548805822342439,0.00019337024575779205
AAPL,2016-11-02,4.9066692226101636e-05,0.00016647610069468914,-0.0001174094084685875
AAPL,2016-11-03,0.00010746739035652615,0.00012390735012337198,-1.643995976684583e-05
AAPL,2016-11-04,0.00018896246371336058,0.00013572955864043904,5.323290507292154e-05
AAPL,2016-11-07,4.210997792408896e-05,0.00015526560228016844,-0.00011315562435607949
AAPL,2016-11-08,0.0001487293353059647,0.00012479713866406138,2.393219664190331e-05
AAPL,2016-11-09,0.0004127556738416603,0.00013098874297789735,0.00028176693086376294
AAPL,2016-11-10,0.0008251608613839699,0.00018083705155600983,0.0006443238098279601
AAPL,2016-11-11,0.00017491555832064497,0.00030684507025485384,-0.00013192951193420887
AAPL,2016-11-14,0.00048418692518260745,0.00021338762562933956,0.0002707992995532679
AAPL,2016-11-15,9.118536330108113e-05,0.00031472290343702487,-0.00022353754013594373
AAPL,2016-11-16,0.00020438980382412892,0.00025593868283410825,-5.1548879009979335e-05
AAPL,2016-11-17,9.556233042852118e-05,0.00022639841200567762,-0.00013083608157715644
AAPL,2016-11-18,2.8244170559485663e-05,0.00017989992795058683,-0.00015165575739110117
AAPL,2016-11-21,7.772027225547428e-05,0.00014347250531371425,-6.575223305823997e-05
AAPL,2016-11-22,4.0842672204246726e-05,0.0001525419864677148,-0.00011169931426346807
AAPL,2016-11-23,5.6060755236421316e-05,0.00014584170467249816,-8.978094943607685e-05
AAPL,2016-11-25,2.0551445388274757e-05,0.00012873836570943752,-0.00010818692032116275
AAPL,2016-11-28,4.59423915830467e-05,0.00011463874214704373,-6.869635056399703e-05
AAPL,2016-11-29,0.00014129781592720007,0.0001086768821577813,3.262093376941877e-05
AAPL,2016-11-30,0.00011399943220043407,0.00014670574965498627,-3.2706317454552197e-05
AAPL,2016-12-01,0.00012604233796519862,0.0001326987283960496,-6.656390430850992e-06
AAPL,2016-12-02,4.699711209161487e-05,0.00015938098269972664,-0.00011238387060811178
AAPL,2016-12-05,0.00010750878652981688,0.00013496529359844362,-2.745650706862674e-05
AAPL,2016-12-06,5.0301910729123875e-05,0.00014145630762777068,-9.11543968986468e-05
AAPL,2016-12-07,6.9994924805157e-05,0.00013011807969574366,-6.0123154890586665e-05
AAPL,2016-12-08,8.531617413945938e-05,0.0001309893675823861,-4.5673193442926724e-05
AAPL,2016-12-09,0.0001405179743451412,0.00012717786072849238,1.3340113616648808e-05
AAPL,2016-12-12,0.00024349129695061086,0.000140070400333468,0.00010342089661714287
AAPL,2016-12-13,0.00012486480232485995,0.0001501100301722892,-2.5245227847429258e-05
AAPL,2016-12-14,5.504375935219308e-05,0.00014428260476364438,-8.92388454114513e-05
AAPL,2016-12-15,7.80405234520306e-05,0.0001222517610627243,-4.4211237610693695e-05
AAPL,2016-12-16,1.9662353784918976e-05,0.00011612687027568334,-9.646451649076436e-05
AAPL,2016-12-19,7.759387139760484e-05,9.112190781668891e-05,-1.3528036419084067e-05
AAPL,2016-12-20,2.3274540827671294e-05,0.00010169775934377532,-7.842321851610402e-05
AAPL,2016-12-21,1.2109252291114551e-05,8.320785082097684e-05,-7.109859852986229e-05
AAPL,2016-12-22,2.7986334223993763e-05,7.370007476015475e-05,-4.5713740536160985e-05
AAPL,2016-12-23,7.301719535821933e-06,7.0751664476756e-05,-6.344994494093406e-05
AAPL,2016-12-27,4.704610223794235e-05,6.656310485680205e-05,-1.95170026188597e-05
AAPL,2016-12-28,0.00010450487916605151,7.666102448477082e-05,2.784385468128069e-05
AAPL,2016-12-29,1.6261928564295166e-05,8.845223520725684e-05,-7.219030664296167e-05
AAPL,2016-12-30,9.608982669126577e-05,7.463243128164125e-05,2.1457395409624525e-05
AAPL,2017-01-03,8.879846319384045e-05,8.711463394707396e-05,1.6838292467664863e-06
AAPL,2017-01-04,2.058421931972506e-05,9.135004636581265e-05,-7.076582704608758e-05
AAPL,2017-01-05,2.7126244321370793e-05,7.564941402360668e-05,-4.852316970223589e-05
AAPL,2017-01-06,6.794285115217799e-05,7.240469847432682e-05,-4.461847322148829e-06
AAPL,2017-01-09,4.903660408200467e-05,8.406897325744512e-05,-3.503236917544045e-05
AAPL,2017-01-10,3.813794279667752e-05,8.683502436553649e-05,-4.869708156885897e-05
AAPL,2017-01-11,3.446769416838381e-05,7.43073731063996e-05,-3.983967893801578e-05
AAPL,2017-01-12,3.8786473258771674e-05,6.821832874070592e-05,-2.943185548193425e-05
AAPL,2017-01-13,2.294923191026053e-05,6.121131189010437e-05,-3.826207997984384e-05
AAPL,2017-01-17,6.856506382053252e-05,5.4095555459056304e-05,1.4469508361476219e-05
AAPL,2017-01-18,2.1629788182720922e-05,6.347021099207235e-05,-4.184042280935143e-05
AAPL,2017-01-19,1.4180830862182633e-05,5.239097378493219e-05,-3.821014292274956e-05
AAPL,2017-01-20,1.2560928037533331e-05,4.5195597355179566e-05,-3.2634669317646235e-05
AAPL,2017-01-23,3.720364631686895e-05,4.1364553369877345e-05,-4.1609070530083944e-06
AAPL,2017-01-24,7.79070043832846e-06,4.624497049055303e-05,-3.845427005222457e-05
AAPL,2017-01-25,5.666732452124572e-05,4.0541595242655943e-05,1.612572927858978e-05
AAPL,2017-01-26,2.1797800062395195e-05,5.140214523268675e-05,-2.9604345170291556e-05
AAPL,2017-01-27,1.7967735354988753e-05,4.535994118972845e-05,-2.73922058347397e-05
AAPL,2017-01-30,1.9186712600324278e-05,4.175809595452005e-05,-2.257138335419577e-05
AAPL,2017-01-31,1.9195222546236422e-05,4.21565887978698e-05,-2.296136625163338e-05
AAPL,2017-02-01,0.0002954579681466647,3.802534914628294e-05,0.0002574326190003818
AAPL,2017-02-02,7.12848087542649e-05,7.96135795774026e-05,-8.328770823137706e-06
AAPL,2017-02-03,1.820879832936396e-05,6.768564206889505e-05,-4.9476843739531095e-05
AAPL,2017-02-06,4.519820077929958e-05,6.076137957175126e-05,-1.5563178792451676e-05
AAPL,2017-02-07,5.5992940714362244e-05,6.214252759941579e-05,-6.149586885053547e-06
AAPL,2017-02-08,1.821460077192719e-05,6.459717874148586e-05,-4.638257796955868e-05
AAPL,2017-02-09,3.778922222905502e-05,5.5242462711915425e-05,-1.7453240482860402e-05
AAPL,2017-02-10,2.0008925098529162e-05,5.35946842661113e-05,-3.3585759167582135e-05
AAPL,2017-02-13,3.126414653851626e-05,4.685403465357976e-05,-1.5589888115063502e-05
AAPL,2017-02-14,4.253994817296811e-05,4.658847647421112e-05,-4.048528301243009e-06
AAPL,2017-02-15,7.420192389669643e-05,4.543965024510036e-05,2.8762273651596067e-05
AAPL,2017-02-16,2.850364058727113e-05,5.091533449645545e-05,-2.2411693909184324e-05
AAPL,2017-02-17,6.421409304384185e-06,4.789329174301356e-05,-4.1471882438629374e-05
AAPL,2017-02-21,1.1360158946514955e-05,4.363858154576069e-05,-3.2278422599245736e-05
AAPL,2017-02-22,1.7779276068791973e-05,3.854214354206364e-05,-2.076286747327167e-05
AAPL,2017-02-23,2.22724922614699e-05,4.0520992845442645e-05,-1.8248500583972744e-05
AAPL,2017-02-24,3.9806417407336605e-05,4.017855654151026e-05,-3.721391341736537e-07
AAPL,2017-02-27,3.501313456361854e-05,4.553521678407587e-05,-1.0522082220457329e-05
AAPL,2017-02-28,1.4406664056373045e-05,4.588609575299698e-05,-3.147943169662394e-05
AAPL,2017-03-01,9.624160194615742e-05,4.3978326650741407e-05,5.226327529541601e-05
AAPL,2017-03-02,3.787022047466386e-05,6.314352727175125e-05,-2.527330679708739e-05
AAPL,2017-03-03,1.9758456010656247e-05,4.923737470078407e-05,-2.947891869012782e-05
AAPL,2017-03-06,3.531347744584959e-05,4.701642712469755e-05,-1.1702949678847956e-05
AAPL,2017-03-07,3.223192599442412e-05,4.85879680694516e-05,-1.635604207502748e-05
AAPL,2017-03-08,2.469327583465749e-05,4.769047043901386e-05,-2.2997194604356372e-05
AAPL,2017-03-09,7.951075626015684e-05,4.405800275795549e-05,3.545275350220135e-05
AAPL,2017-03-10,1.3174313494354726e-05,5.4035023229575754e-05,-4.086070973522103e-05
AAPL,2017-03-13,7.1634950603537925e-06,4.412073672149585e-05,-3.695724166114206e-05
AAPL,2017-03-14,1.5001889531767975e-05,3.810935623625906e-05,-2.3107466704491087e-05
AAPL,2017-03-15,5.384055719728961e-05,3.557355872662595e-05,1.8266998470663657e-05
AAPL,2017-03-16,1.4583782006331395e-05,4.1996721327975644e-05,-2.741293932164425e-05
AAPL,2017-03-17,1.126904071741056e-05,3.508167745955185e-05,-2.3812636742141288e-05
AAPL,2017-03-20,1.8788122556934918e-05,3.4105895294135106e-05,-1.531777273720019e-05
AAPL,2017-03-21,0.00013600133386887657,3.402639717287089e-05,0.00010197493669600568
AAPL,2017-03-22,3.7394684142338824e-05,6.279780011392561e-05,-2.5403115971586786e-05
AAPL,2017-03-23,2.138845205856865e-05,5.146556835929884e-05,-3.0077116300730192e-05
AAPL,2017-03-24,3.420483627349808e-05,4.862347525361087e-05,-1.4418638980112789e-05
AAPL,2017-03-27,0.0001289843852293799,5.0003069203546596e-05,7.89813160258333e-05
AAPL,2017-03-28,0.00012949566263246494,6.73450321600021e-05,6.215063047246283e-05
AAPL,2017-03-29,3.723017216010506e-05,9.492571819777876e-05,-5.76955460376737e-05
AAPL,2017-03-30,2.285447012689903e-05,6.857676117614408e-05,-4.572229104924504e-05
AAPL,2017-03-31,3.8407117352247e-05,5.7759484729135405e-05,-1.9352367376888405e-05
AAPL,2017-04-03,2.776436101153e-05,5.8722409975070065e-05,-3.095804896354006e-05
AAPL,2017-04-04,2.8271075458159585e-05,5.381814995652559e-05,-2.5547074498366004e-05
AAPL,2017-04-05,6.432976918212934e-05,5.190831094857842e-05,1.2421458233550919e-05
AAPL,2017-04-06,2.02166985112851e-05,5.611449196054193e-05,-3.589779344925683e-05
AAPL,2017-04-07,1.7191917635901268e-05,4.780307812607662e-05,-3.061116049017536e-05
AAPL,2017-04-10,1.9881673115590764e-05,4.6819283792217516e-05,-2.6937610676626752e-05
AAPL,2017-04-11,0.0002368007233038103,4.535929231520598e-05,0.00019144143098860433
AAPL,2017-04-12,3.1648017454089056e-05,8.891969411517184e-05,-5.7271676661082785e-05
AAPL,2017-04-13,2.9766757764219834e-05,6.033103500619554e-05,-3.056427724197571e-05
AAPL,2017-04-17,2.3161598613154045e-05,5.9103503182445905e-05,-3.594190456929186e-05
AAPL,2017-04-18,2.072217295628526e-05,5.450174119217211e-05,-3.3779568235886855e-05
AAPL,2017-04-19,3.236130222602759e-05,5.258233450320453e-05,-2.0221032277176945e-05
AAPL,2017-04-20,4.818537085813943e-05,5.246762450101787e-05,-4.28225364287844e-06
AAPL,2017-04-21,1.6467504159377423e-05,5.497154669143993e-05,-3.850404253206251e-05
AAPL,2017-04-24,1.4016070425096418e-05,5.023431023014331e-05,-3.62182398050469e-05
AAPL,2017-04-25,1.8305901711057105e-05,4.725688028585376e-05,-2.8950978574796657e-05
AAPL,2017-04-26,2.4280088146857074e-05,4.132733092081398e-05,-1.7047242773956904e-05
AAPL,2017-04-27,1.717055183079213e-05,3.8707793162550464e-05,-2.1537241331758333e-05
AAPL,2017-04-28,2.2044658721514856e-05,3.7115279782903835e-05,-1.5070621061388979e-05
AAPL,2017-05-01,7.778770878038183e-05,3.687364334792231e-05,4.091406543245952e-05
AAPL,2017-05-02,3.591072795455115e-05,4.7079287650204757e-05,-1.1168559695653605e-05
AAPL,2017-05-03,0.0002046398412101845,4.353528576230146e-05,0.00016110455544788302
AAPL,2017-05-04,4.12225174855785e-05,7.697090291590547e-05,-3.5748385430326975e-05
AAPL,2017-05-05,2.7179213662417815e-05,5.690811279635611e-05,-2.9728899133938294e-05
AAPL,2017-05-08,0.00020768849795155887,5.9413421267650296e-05,0.00014827507668390858
AAPL,2017-05-09,4.278629745634424e-05,0.00012423368439893446,-8.144738694259023e-05
AAPL,2017-05-10,6.926249448532044e-05,8.625175731760674e-05,-1.69892628322863e-05
AAPL,2017-05-11,2.896762869710447e-05,6.934470374904246e-05,-4.037707505193799e-05
AAPL,2017-05-12,3.193782526713994e-05,6.860430006030924e-05,-3.6666474793169296e-05
AAPL,2017-05-15,5.117034574164252e-05,6.338473983004513e-05,-1.2214394088402606e-05
AAPL,2017-05-16,3.366256919877203e-05,6.357507479772872e-05,-2.991250559895669e-05
AAPL,2017-05-17,0.00032246559507467635,6.251927860373209e-05,0.0002599463164709443
AAPL,2017-05-18,7.837399838820318e-05,0.00014705397731763756,-6.867997892943438e-05
AAPL,2017-05-19,3.7087543211861105e-05,9.35954900882431e-05,-5.6507946876381996e-05
AAPL,2017-05-22,5.899246433279031e-05,8.02234589639696e-05,-2.1230994631179283e-05
AAPL,2017-05-23,3.360810116165233e-05,7.95811660206213e-05,-4.597306485896897e-05
AAPL,2017-05-24,4.3702571112947606e-05,7.615117921754057e-05,-3.2448608104592965e-05
AAPL,2017-05-25,3.656381650957098e-05,7.526298623097391e-05,-3.8699169721402924e-05
AAPL,2017-05-26,1.5804610118816153e-05,7.173006140894463e-05,-5.5925451290128474e-05
AAPL,2017-05-30,2.4525735655795243e-05,6.450822130132968e-05,-3.998248564553443e-05
AAPL,2017-05-31,4.4146864528550684e-05,5.9847435990671413e-05,-1.570057146212073e-05
AAPL,2017-06-01,2.6392990766927638e-05,6.730978173888729e-05,-4.0916790971959655e-05
AAPL,2017-06-02,8.128911826821281e-05,5.6108498606254055e-05,2.5180619661958755e-05
AAPL,2017-06-05,1.794175201005511e-05,6.89485172072659e-05,-5.100676519721079e-05
AAPL,2017-06-06,8.107630765095566e-05,5.7646893283927666e-05,2.3429414367027997e-05
AAPL,2017-06-07,4.472368102224698e-05,6.372038863625188e-05,-1.8996707614004893e-05
AAPL,2017-06-08,2.597231249390478e-05,6.165193350793939e-05,-3.567962101403461e-05
AAPL,2017-06-09,0.0012105604525654116,5.565306711924799e-05,0.0011549073854461636
AAPL,2017-06-12,0.00030591915801513243,0.00027889126923228796,2.7027888782844465e-05
AAPL,2017-06-13,0.00011776410343129648,0.00016175398091326673,-4.398987748197025e-05
AAPL,2017-06-14,0.00021688662556958662,0.00013831527403988835,7.857135152969827e-05
AAPL,2017-06-15,0.00010781683703535746,0.0001788608488256974,-7.104401179033994e-05
AAPL,2017-06-16,8.566325923370276e-05,0.00013058325501884177,-4.4919995785139006e-05
AAPL,2017-06-19,9.30244462717473e-05,0.00012365921134376066,-3.063476507201337e-05
AAPL,2017-06-20,2.473991848586402e-05,0.00011001625072968097,-8.527633224381695e-05
AAPL,2017-06-21,4.822728026027518e-05,9.211481713446917e-05,-4.388753687419399e-05
AAPL,2017-06-22,5.82738400534564e-05,8.652412507828336e-05,-2.8250285024826958e-05
AAPL,2017-06-23,7.433381305887325e-05,8.102819117202462e-05,-6.694378113151372e-06
AAPL,2017-06-26,0.0001622525282054022,8.123841824718263e-05,8.101410995821958e-05
AAPL,2017-06-27,0.00012330271098626893,0.00010237532380094249,2.092738718532644e-05
AAPL,2017-06-28,0.00017509752293364233,0.00011833361487700762,5.676390805663471e-05
AAPL,2017-06-29,0.00017696273128062272,0.0001239613643296441,5.300136695097861e-05
AAPL,2017-06-30,2.9970201478459014e-05,0.0001486438748787787,-0.00011867367340031968
AAPL,2017-07-03,8.100118968238175e-05,0.00011685375477597568,-3.585256509359393e-05
AAPL,2017-07-05,0.00010069044165140392,0.00013487110860927994,-3.4180666957876014e-05
AAPL,2017-07-06,2.7477120533807464e-05,0.0001271316590578588,-9.965453852405133e-05
AAPL,2017-07-07,5.201102411819542e-05,0.00011379316262910448,-6.178213851090907e-05
AAPL,2017-07-10,0.00014237385242413166,0.00011277202555448134,2.9601826869650322e-05
AAPL,2017-07-11,3.9570490198048645e-05,0.0001326414130072813,-9.307092280923266e-05
AAPL,2017-07-12,4.3376601144212445e-05,0.00010759355489337846,-6.421695374916601e-05
AAPL,2017-07-13,0.0001227851032194098,9.815226556687103e-05,2.463283765253878e-05
AAPL,2017-07-14,7.085044725313596e-05,0.00011717313293111621,-4.632268567798025e-05
AAPL,2017-07-17,0.00011156941408313131,0.00010528303117400126,6.2863829091300494e-06
AAPL,2017-07-18,3.439165691742707e-05,0.00011020558362949981,-7.581392671207274e-05
AAPL,2017-07-19,4.2628387149639515e-05,9.377516341125175e-05,-5.1146776261612235e-05
AAPL,2017-07-20,2.9887966250398595e-05,9.172446151051052e-05,-6.183649526011193e-05
AAPL,2017-07-21,5.29831296902412e-05,8.657241031014816e-05,-3.358928061990696e-05
AAPL,2017-07-24,0.0001027068664147684,8.950051537533557e-05,1.3206351039432828e-05
AAPL,2017-07-25,7.437902639268264e-05,0.00010288388238562192,-2.8504855992939288e-05
AAPL,2017-07-26,1.58640390206151e-05,9.798877981670504e-05,-8.212474079608993e-05
AAPL,2017-07-27,0.0008165977389350401,7.803195440958835e-05,0.0007385657845254517
AAPL,2017-07-28,2.1506649459390517e-05,0.00020257270528994668,-0.00018106605583055618
AAPL,2017-07-31,8.495353243709154e-05,9.511991855034961e-05,-1.0166386113258076e-05
AAPL,2017-08-01,5.789045303358485e-05,0.00010637463973205935,-4.84841866984745e-05
AAPL,2017-08-02,0.00018762341188378857,9.213730884895504e-05,9.548610303483353e-05
AAPL,2017-08-03,6.376594560228712e-05,0.00012784339578186905,-6.407745017958193e-05
AAPL,2017-08-04,5.804009893825611e-05,0.00012131508269555315,-6.327498375729705e-05
AAPL,2017-08-07,5.423379972519804e-05,0.00010924184906868327,-5.5008049343485236e-05
AAPL,2017-08-08,0.0002140696924892909,9.383733853450406e-05,0.00012023235395478684
AAPL,2017-08-09,4.2118082572485205e-05,0.00012574571116738504,-8.362762859489984e-05
AAPL,2017-08-10,0.00025648022084938827,0.00011465044084249288,0.0001418297800068954
AAPL,2017-08-11,0.0001141402168375266,0.00018686680286201116,-7.272658602448456e-05
AAPL,2017-08-14,3.7644982699995306e-05,0.00013746878489058644,-9.982380219059113e-05
AAPL,2017-08-15,6.85388726219885e-05,0.0001087137850989129,-4.0174912476924395e-05
AAPL,2017-08-16,9.247290759869584e-05,0.00010711625259310139,-1.464334499440555e-05
AAPL,2017-08-17,5.449208165849223e-05,0.00011239848682483388,-5.790640516634165e-05
AAPL,2017-08-18,0.000152569825782994,0.00013176114688799432,2.0808678894999687e-05
AAPL,2017-08-21,0.00015646851721555665,0.00014669119978796803,9.77731742758862e-06
AAPL,2017-08-22,4.081972139202549e-05,0.00014420103185335722,-0.00010338131046133172
AAPL,2017-08-23,3.7008759124800396e-05,0.00012137213377984193,-8.436337465504153e-05
AAPL,2017-08-24,7.375155489489158e-05,0.0001116453211524193,-3.789376625752771e-05
AAPL,2017-08-25,3.186898988246981e-05,0.00010167564881631817,-6.980665893384835e-05
AAPL,2017-08-28,5.6266043421149325e-05,9.280116672112873e-05,-3.6535123299979407e-05
AAPL,2017-08-29,6.953749446782464e-05,9.249933549680348e-05,-2.296184102897884e-05
AAPL,2017-08-30,2.7815312313584778e-05,0.00010651472842646703,-7.869941611288226e-05
AAPL,2017-08-31,1.82420610651831e-05,8.025177156824475e-05,-6.200971050306165e-05
AAPL,2017-09-01,2.3754902735010984e-05,7.369698224682841e-05,-4.994207951181742e-05
AAPL,2017-09-05,0.00021755235005753594,7.175147603262749e-05,0.00014580087402490846
AAPL,2017-09-06,0.00010720666120650199,0.00012340097744530736,-1.6194316238805366e-05
AAPL,2017-09-07,5.774385298604475e-05,0.00010836081891081198,-5.0616965924767225e-05
AAPL,2017-09-08,5.9063274140339715e-05,0.00010384994337951116,-4.4786669239171446e-05
AAPL,2017-09-11,7.513022949233942e-05,0.0001121622708287254,-3.703204133638598e-05
AAPL,2017-09-12,0.0004720957182454842,9.631994385528153e-05,0.0003757757743902027
AAPL,2017-09-13,8.24537833337202e-05,0.00017509318137635862,-9.263939804263842e-05
AAPL,2017-09-14,2.6311578437597614e-05,0.00012678948990053863,-0.00010047791146294102
AAPL,2017-09-15,0.0001430958039918621,9.868519803308435e-05,4.441060595877776e-05
AAPL,2017-09-18,9.169754465823836e-05,0.0001158202844209743,-2.4122739762735942e-05
AAPL,2017-09-19,2.565675154108706e-05,0.0001106468346218825,-8.499008308079543e-05
AAPL,2017-09-20,0.0003505337169802704,8.554822699747143e-05,0.00026498548998279893
AAPL,2017-09-21,0.00010155582456724273,0.00016388793821976968,-6.233211365252695e-05
AAPL,2017-09-22,6.171707928119992e-05,0.00015779237059940186,-9.607529131820193e-05
AAPL,2017-09-25,0.00015202289608606353,0.00012476976802602057,2.7253128060042962e-05
AAPL,2017-09-26,7.575328034224667e-05,0.00013116449914779083,-5.541121880554416e-05
AAPL,2017-09-27,2.629586227647477e-05,0.00011927638987571277,-9.2980527599238e-05
AAPL,2017-09-28,4.688881086676812e-05,9.41395854108874e-05,-4.7250774544119275e-05
AAPL,2017-09-29,8.327933073867423e-05,9.428064323774685e-05,-1.1001312499072624e-05
AAPL,2017-10-02,6.014438718740022e-05,0.00010800498157852196,-4.7860594391121737e-05
AAPL,2017-10-03,2.557923524314241e-05,0.00011382811195554352,-8.824887671240111e-05
AAPL,2017-10-04,4.1408373695424256e-05,9.207880668562994e-05,-5.067043299020568e-05
AAPL,2017-10-05,1.6736344271787934e-05,8.612427243649012e-05,-6.938792816470218e-05
AAPL,2017-10-06,1.6246648319372735e-05,7.983330671673042e-05,-6.358665839735768e-05
AAPL,2017-10-09,3.153207171049787e-05,7.441424348948706e-05,-4.2882171778989186e-05
AAPL,2017-10-10,0.0001711799139816547,7.405107212661948e-05,9.712884185503521e-05
AAPL,2017-10-11,2.561664574593291e-05,9.185541789946711e-05,-6.623877215353421e-05
AAPL,2017-10-12,5.293286102019384e-05,7.454714118921889e-05,-2.161428016902505e-05
AAPL,2017-10-13,1.4322444650319477e-05,7.776555058745028e-05,-6.344310593713081e-05
AAPL,2017-10-16,4.947872374917372e-05,6.246605790310818e-05,-1.2987334153934458e-05
AAPL,2017-10-17,4.532628541758829e-05,6.942185685620555e-05,-2.4095571438617256e-05
AAPL,2017-10-18,1.74523693771876e-05,7.16696833499677e-05,-5.421731397278009e-05
AAPL,2017-10-19,7.776658578141142e-05,5.763787786566996e-05,2.0128707915741456e-05
AAPL,2017-10-20,6.306976183506145e-05,7.085659687930478e-05,-7.78683504424333e-06
AAPL,2017-10-23,8.962202442731967e-05,7.151210610394939e-05,1.810991832337028e-05
AAPL,2017-10-24,1.9942757861172045e-05,7.940346796779303e-05,-5.946071010662098e-05
AAPL,2017-10-25,0.00010231419095106832,6.106601247980404e-05,4.124817847126428e-05
AAPL,2017-10-26,2.1771898211465667e-05,7.599382181589567e-05,-5.422192360443e-05
AAPL,2017-10-27,0.000252084019568809,6.117273774091192e-05,0.00019091128182789708
AAPL,2017-10-30,0.00023059672774524147,0.00010323190451650372,0.00012736482322873776
AAPL,2017-10-31,0.00011196460109427632,0.00011550448356376323,-3.5398824694869106e-06
AAPL,2017-11-01,0.0002120716838687336,0.00010774994226468726,0.00010432174160404634
AAPL,2017-11-02,0.0001546953931856817,0.00013302334941764617,2.1672043768035534e-05
AAPL,2017-11-03,0.00013636003744157575,0.000133946533753204,2.413503688371738e-06
AAPL,2017-11-06,0.00013246122888656295,0.0001430552465096345,-1.0594017623071541e-05
AAPL,2017-11-07,3.445071314728608e-05,0.0001506459588705669,-0.00011619524572328083
AAPL,2017-11-08,2.8040692500793684e-05,0.0001049480094193013,-7.690731691850762e-05
AAPL,2017-11-09,0.0001362406825973245,9.730553485368173e-05,3.893514774364278e-05
AAPL,2017-11-10,1.771125353782656e-05,0.00011605933412156194,-9.834808058373538e-05
AAPL,2017-11-13,1.716756296441902e-05,9.407371104700768e-05,-7.690614808258866e-05
AAPL,2017-11-14,5.141369013787894e-05,8.412030054888343e-05,-3.270661041100449e-05
AAPL,2017-11-15,5.4969461948846913e-05,9.386911295507172e-05,-3.889965100622481e-05
AAPL,2017-11-16,4.2021924931568425e-05,0.0001016996990930966,-5.967777416152817e-05
AAPL,2017-11-17,4.215180246913123e-05,9.231700017992963e-05,-5.01651977107984e-05
AAPL,2017-11-20,1.6006460273461877e-05,9.029629129531398e-05,-7.42898310218521e-05
AAPL,2017-11-21,7.0948862487128e-05,7.608424985020946e-05,-5.1353873630814685e-06
AAPL,2017-11-22,3.0176338392574003e-05,9.055517368774477e-05,-6.037883529517077e-05
AAPL,2017-11-24,1.1572927855756199e-05,8.455680137894365e-05,-7.298387352318746e-05
AAPL,2017-11-27,3.819833237405806e-05,7.369782564668436e-05,-3.54994932726263e-05
AAPL,2017-11-28,0.0001313568985772468,7.249396670654309e-05,5.886293187070371e-05
AAPL,2017-11-29,0.00044283839245710325,9.303555023539873e-05,0.0003498028422217045
AAPL,2017-11-30,0.0002094680567746227,0.00019069349105525066,1.877456571937203e-05
AAPL,2017-12-01,0.00015761339282672563,0.0001479383247790187,9.675068047706933e-06
AAPL,2017-12-04,5.792000107275338e-05,0.00013575454320593951,-7.783454213318614e-05
AAPL,2017-12-05,0.00016397395309086929,0.0001272607262283452,3.6713226862524086e-05
AAPL,2017-12-06,0.00021573180023983594,0.00013115749439485212,8.457430584498383e-05
AAPL,2017-12-07,3.952059478145661e-05,0.000138687754465518,-9.916715968406138e-05
AAPL,2017-12-08,6.552898648709535e-05,0.00011362291117895845,-4.8093924691863094e-05
AAPL,2017-12-11,0.00012880515651089478,9.878500882478853e-05,3.002014768610625e-05
AAPL,2017-12-12,1.198386823435828e-05,0.00011287800989351451,-0.00010089414165915623
AAPL,2017-12-13,3.903853908990368e-05,8.778716562839128e-05,-4.8748626538487604e-05
AAPL,2017-12-14,3.6432189462078804e-05,8.532538236977235e-05,-4.889319290769354e-05
AAPL,2017-12-15,4.71951874159484e-05,7.92744616723848e-05,-3.20792742564364e-05
AAPL,2017-12-18,5.8662993998187364e-05,8.10055529051247e-05,-2.234255890693733e-05
AAPL,2017-12-19,2.4638317591185952e-05,8.535810043658284e-05,-6.071978284539689e-05
AAPL,2017-12-20,7.404364982430227e-05,7.693134769470424e-05,-2.887697870401971e-06
AAPL,2017-12-21,5.1203930821378936e-05,8.477157514833195e-05,-3.356764432695301e-05
AAPL,2017-12-22,1.244901972672617e-05,8.330138140671145e-05,-7.085236167998528e-05
AAPL,2017-12-26,5.436128942758524e-05,7.376856500063303e-05,-1.9407275573047792e-05
AAPL,2017-12-27,1.6422890687081367e-05,8.351344428327872e-05,-6.709055359619735e-05
AAPL,2017-12-28,3.194810410265364e-05,7.541401149913077e-05,-4.346590739647713e-05
AAPL,2017-12-29,1.0232169020054794e-05,6.81521967609718e-05,-5.7920027740917e-05
AAPL,2018-01-02,0.00010032400002507861,5.782181804630345e-05,4.250218197877516e-05
AAPL,2018-01-03,0.00011057106182705575,7.288834821097198e-05,3.768271361608377e-05
AAPL,2018-01-04,2.9255734745763953e-05,8.262892943786488e-05,-5.3373194692100934e-05
AAPL,2018-01-05,5.770425256789154e-05,6.968439476007537e-05,-1.1980142192183826e-05
AAPL,2018-01-08,4.6202513517253625e-05,6.904201759252246e-05,-2.2839504075268833e-05
AAPL,2018-01-09,4.422605616885886e-05,6.623010180791604e-05,-2.2004045639057185e-05
AAPL,2018-01-10,1.1679385183993694e-05,6.489572509422255e-05,-5.3216339910228856e-05
AAPL,2018-01-11,1.0318583163746734e-05,5.3954487549021485e-05,-4.363590438527475e-05
AAPL,2018-01-12,3.667779983587318e-05,4.927561206612584e-05,-1.2597812230252662e-05
AAPL,2018-01-16,0.0001310986313362147,5.338614569620631e-05,7.77124856400084e-05
AAPL,2018-01-17,0.00017181887324735552,7.373986730031398e-05,9.807900594704153e-05
AAPL,2018-01-18,5.315978380534118e-05,9.615703408323868e-05,-4.29972502778975e-05
AAPL,2018-01-19,7.362783086104352e-05,7.965937577597635e-05,-6.031544914932835e-06
AAPL,2018-01-22,2.1066611288904838e-05,8.429231464051396e-05,-6.322570335160912e-05
AAPL,2018-01-23,0.00010733941548993172,6.893102874718899e-05,3.840838674274273e-05
AAPL,2018-01-24,0.0001588483121494302,8.24572428781807e-05,7.63910692712495e-05
AAPL,2018-01-25,0.00017785519754374724,0.00011833745189801023,5.9517745645737015e-05
AAPL,2018-01-26,6.118967038266351e-05,0.00017769689616445338,-0.00011650722578178987
AAPL,2018-01-29,0.00010250858301486795,0.00012653207981330503,-2.4023496798437075e-05
AAPL,2018-01-30,0.00010032192029809098,0.0001438067495962867,-4.348482929819571e-05
AAPL,2018-01-31,6.27622055593326e-05,0.00013212643522263258,-6.936422966329998e-05
AAPL,2018-02-01,5.63915461687505e-05,0.00010770340278457835,-5.131185661582785e-05
AAPL,2018-02-02,0.00040182043381452564,9.325451614829428e-05,0.00030856591766623137
AAPL,2018-02-05,0.0011084943073239987,0.00023608799515472374,0.000872406312169275
AAPL,2018-02-06,0.000844239508181487,0.00034750493442786635,0.0004967345737536207
AAPL,2018-02-07,0.0001735476350071449,0.0003534128660092725,-0.00017986523100212758
AAPL,2018-02-08,0.0003035367458192152,0.0002808648120730426,2.26719337461726e-05
AAPL,2018-02-09,0.0012264334750757917,0.0003976964283287093,0.0008287370467470824
AAPL,2018-02-12,0.0005228351538426337,0.0005449171231393096,-2.2081969296675985e-05
AAPL,2018-02-13,9.751320477136764e-05,0.00046181133395642356,-0.0003642981291850559
AAPL,2018-02-14,0.00013245664583297654,0.00028713923303089856,-0.00015468258719792202
AAPL,2018-02-15,0.0001512431246750117,0.00024939857353449454,-9.815544885948284e-05
AAPL,2018-02-16,0.00015482543392464959,0.00024354251285099287,-8.871707892634328e-05
AAPL,2018-02-20,0.00013447829379919477,0.00021172097247992863,-7.724267868073386e-05
AAPL,2018-02-21,0.00012193758922097585,0.00021397125288533298,-9.203366366435713e-05
AAPL,2018-02-22,7.760464306112818e-05,0.00021518947022138794,-0.00013758482716025978
AAPL,2018-02-23,3.058285904598652e-05,0.0001770915838410032,-0.00014650872479501668
AAPL,2018-02-26,7.593433651948657e-05,0.0001366316458561753,-6.069730933668873e-05
AAPL,2018-02-27,7.759960224521745e-05,0.00014864018922048296,-7.104058697526551e-05
AAPL,2018-02-28,8.696486907376519e-05,0.00014566267254194937,-5.869780346818418e-05
AAPL,2018-03-01,0.0006615343889380787,0.00015321878011952843,0.0005083156088185502
AAPL,2018-03-02,9.62421824687036e-05,0.0003296619893109194,-0.0002334198068422158
AAPL,2018-03-05,0.00013480386167252602,0.0002320171947386635,-9.721333306613749e-05
AAPL,2018-03-06,5.2679359403606094e-05,0.0002173078560168554,-0.00016462849661324933
AAPL,2018-03-07,4.06280821973521e-05,0.00018104619349907158,-0.00014041811130171948
AAPL,2018-03-08,4.124242256828556e-05,0.0001318973039604839,-9.065488139219835e-05
AAPL,2018-03-09,5.74585618290454e-05,0.00011821315058844997,-6.0754588759404566e-05
AAPL,2018-03-12,4.818158806976835e-05,0.00012590914894933366,-7.772756087956532e-05
AAPL,2018-03-13,0.00019517253483182,0.0001129474647668681,8.22250700649519e-05
AAPL,2018-03-14,7.196639774262567e-05,0.0001456410034529318,-7.367460571030613e-05
AAPL,2018-03-15,7.308444662715934e-05,0.0001400583785105002,-6.697393188334088e-05
AAPL,2018-03-16,3.0539414272227905e-05,0.00012712705193781371,-9.658763766558581e-05
AAPL,2018-03-19,0.00018478454028458683,0.00010749191720236634,7.72926230822205e-05
AAPL,2018-03-20,5.592689819478657e-05,0.00015348377993858254,-9.755688174379598e-05
AAPL,2018-03-21,6.145540723545632e-05,0.00011267624117949397,-5.122083394403765e-05
AAPL,2018-03-22,0.0002680716229183152,0.0001479142012143783,0.00012015742170393693
AAPL,2018-03-23,0.00027687239618764573,0.00018738504219964567,8.948735398800006e-05
AAPL,2018-03-26,0.00047582569387753245,0.0002600273997391327,0.00021579829413839974
AAPL,2018-03-27,0.0007814275744101098,0.000263270471945567,0.0005181571024645427
AAPL,2018-03-28,0.0004070635578464566,0.0004545445288387094,-4.7480970992252775e-05
AAPL,2018-03-29,0.00041025958983268514,0.0004093779076022806,8.816822304045418e-07
AAPL,2018-04-02,0.0003595118426532028,0.00039963505042128197,-4.0123207768079144e-05
AAPL,2018-04-03,0.00026143099605694677,0.00031672610404127503,-5.529510798432826e-05
AAPL,2018-04-04,0.0003063139767331323,0.00027257863207043575,3.3735344662696564e-05
AAPL,2018-04-05,7.6460830103122e-05,0.00028732495476482904,-0.00021086412466170702
AAPL,2018-04-06,0.00022568501188824158,0.00019840164808372017,2.728336380452141e-05
AAPL,2018-04-09,0.00017814180523344198,0.00024951228936831953,-7.137048413487755e-05
AAPL,2018-04-10,0.00010139840833852716,0.00022244822220567236,-0.0001210498138671452
AAPL,2018-04-11,8.194473352481112e-05,0.00020884206401488298,-0.00012689733049007186
AAPL,2018-04-12,5.661330666485252e-05,0.0001751401095695305,-0.000118526802904678
AAPL,2018-04-13,6.473851258529504e-05,0.00015620112006053683,-9.14626074752418e-05
AAPL,2018-04-16,2.218833137527544e-05,0.00015125792770452268,-0.00012906959632924723
AAPL,2018-04-17,6.37780157344167e-05,0.00014013760796814252,-7.635959223372582e-05
AAPL,2018-04-18,5.948331215320549e-05,0.00013542635679494405,-7.594304464173856e-05
AAPL,2018-04-19,0.00011119538539529389,0.00014038199138830792,-2.918660599301403e-05
AAPL,2018-04-20,0.0002663531089998301,0.0001669118420385124,9.944126696131769e-05
AAPL,2018-04-23,0.00011077265946515148,0.00029267970788141327,-0.0001819070484162618
AAPL,2018-04-24,0.0003801910460435807,0.0002467022968485861,0.00013348874919499464
AAPL,2018-04-25,0.00015321269625505893,0.00032425529143812344,-0.0001710425951830645
AAPL,2018-04-26,0.00010270880469457753,0.00024750942654051507,-0.00014480062184593753
AAPL,2018-04-27,0.0002183491165997372,0.00020272886166291992,1.562025493681728e-05
AAPL,2018-04-30,0.00040132344403623474,0.0002338848789849272,0.00016743856505130753
AAPL,2018-05-01,0.00017681372598095577,0.000253570879049485,-7.675715306852923e-05
AAPL,2018-05-02,0.00023009565585265277,0.00021302122940833597,1.7074426444316796e-05
AAPL,2018-05-03,0.000138535853822194,0.00021826013609091465,-7.972428226872064e-05
AAPL,2018-05-04,0.000195947750495929,0.00018898732577339833,6.960424722530665e-06
AAPL,2018-05-07,0.00012295071698579333,0.0002278474698906565,-0.00010489675290486318
AAPL,2018-05-08,8.244511297104352e-05,0.00018046526633166534,-9.802015336062182e-05
AAPL,2018-05-09,6.120571696045237e-05,0.00015470896024961662,-9.350324328916425e-05
AAPL,2018-05-10,4.627622445799498e-05,0.00013670789384705954,-9.043166938906455e-05
AAPL,2018-05-11,8.684624306817929e-05,0.00013296196288540196,-4.6115719817222675e-05
AAPL,2018-05-14,3.1130090323945706e-05,0.0001349126602739472,-0.00010378256995000149
AAPL,2018-05-15,5.475641499333891e-05,0.00012472004023400947,-6.996362524067055e-05
AAPL,2018-05-16,3.720258027520738e-05,0.00012452203969908493,-8.731945942387756e-05
AAPL,2018-05-17,8.114071855382507e-05,0.00011870310283143092,-3.756238427760585e-05
AAPL,2018-05-18,3.179122404189634e-05,0.00012776344064307805,-9.59722166011817e-05
AAPL,2018-05-21,7.721885958308018e-05,0.00011236033311011588,-3.5141473527035706e-05
AAPL,2018-05-22,4.619389111027259e-05,0.00012114432135799797,-7.495043024772538e-05
AAPL,2018-05-23,6.27399960967432e-05,0.00011043946928438711,-4.769947318764391e-05
AAPL,2018-05-24,9.416892183786414e-05,0.00010373858422616665,-9.569662388302509e-06
AAPL,2018-05-25,5.486530782515229e-05,0.00011167854575700764,-5.6813237931855356e-05
AAPL,2018-05-29,4.9116113649258246e-05,0.00010300385212701381,-5.3887738477755564e-05
AAPL,2018-05-30,2.066220893132039e-05,9.192754112540057e-05,-7.126533219408018e-05
AAPL,2018-05-31,6.0981805603920044e-05,7.876961810862084e-05,-1.7787812504700793e-05
AAPL,2018-06-01,3.3500706510502155e-05,8.176688216138533e-05,-4.826617565088317e-05
AAPL,2018-06-04,5.750662604201444e-05,7.503129057325271e-05,-1.7524664531238268e-05
AAPL,2018-06-05,3.286192413200609e-05,7.171446628175088e-05,-3.885254214974479e-05
AAPL,2018-06-06,6.136890321273078e-05,6.407168384140808e-05,-2.702780628677302e-06
AAPL,2018-06-07,4.155415446679002e-05,6.780277255563111e-05,-2.6248618088841085e-05
AAPL,2018-06-08,6.52799194448517e-05,6.570040776491992e-05,-4.204883200682188e-07
AAPL,2018-06-11,4.226328329571407e-05,6.96120615065774e-05,-2.7348778210863334e-05
AAPL,2018-06-12,2.0633751319963363e-05,6.438505328887416e-05,-4.3751301968910795e-05
AAPL,2018-06-13,4.9896136866012696e-05,5.7999320128487885e-05,-8.103183262475189e-06
AAPL,2018-06-14,1.906129325449609e-05,6.608990455749131e-05,-4.702861130299522e-05
AAPL,2018-06-15,3.517581666429097e-05,5.8714682200117754e-05,-2.3538865535826785e-05
AAPL,2018-06-18,4.953974211083082e-05,6.105384214139685e-05,-1.1514100030566023e-05
AAPL,2018-06-19,0.00011792506163606102,6.013808026940374e-05,5.778698136665728e-05
AAPL,2018-06-20,3.082522746192929e-05,7.204934183320031e-05,-4.122411437127102e-05
AAPL,2018-06-21,0.0001312650201378575,6.036401223452614e-05,7.090100790333137e-05
AAPL,2018-06-22,1.4413202736390405e-05,8.625389600234971e-05,-7.18406932659593e-05
AAPL,2018-06-25,0.0002451504218581612,6.389405816823453e-05,0.00018125636368992667
AAPL,2018-06-26,0.00021003826973094346,0.00010817960726795998,0.00010185866246298348
AAPL,2018-06-27,0.00014026566587804177,0.00010571757780762117,3.4548088070420594e-05
AAPL,2018-06-28,6.267951961268296e-05,0.00011715022744371051,-5.4470707831027554e-05
AAPL,2018-06-29,0.00025189878726739664,9.56790803517349e-05,0.00015621970691566173
AAPL,2018-07-02,9.235140400024484e-05,0.00014077211949421926,-4.8420715493974426e-05
AAPL,2018-07-03,0.00011437082761104583,0.00012326312844723275,-8.892300836186917e-06
AAPL,2018-07-05,6.581529925265099e-05,0.00014569268121856878,-7.987738196591779e-05
AAPL,2018-07-06,7.740730765844965e-05,0.00011991795757221791,-4.251064991376827e-05
AAPL,2018-07-09,1.390322103996277e-05,0.00011638098050794984,-0.00010247775946798706
AAPL,2018-07-10,1.5252130773473934e-05,9.057270649393242e-05,-7.532057572045848e-05
AAPL,2018-07-11,6.19340182274633e-05,7.684943988664607e-05,-1.4915421659182765e-05
AAPL,2018-07-12,3.6845152382073435e-05,8.837550579793631e-05,-5.1530353415862876e-05
AAPL,2018-07-13,1.1403352215380182e-05,8.450045304726915e-05,-7.309710083188898e-05
AAPL,2018-07-16,6.384714981203864e-05,7.575518017428128e-05,-1.1908030362242636e-05
AAPL,2018-07-17,6.745674408783348e-05,8.729809911661263e-05,-1.984135502877915e-05
AAPL,2018-07-18,2.7849947622266945e-05,9.653955038508755e-05,-6.86896027628206e-05
AAPL,2018-07-19,6.106988852842073e-05,7.913894761001377e-05,-1.8069059081593045e-05
AAPL,2018-07-20,6.856918938690737e-05,9.32012596334322e-05,-2.4632070246524828e-05
AAPL,2018-07-23,7.000200620233717e-05,8.924839301111441e-05,-1.924638680877724e-05
AAPL,2018-07-24,3.1700889235568485e-05,9.962133432026623e-05,-6.792044508469774e-05
AAPL,2018-07-25,4.6281523354532176e-05,8.563630267878695e-05,-3.935477932425477e-05
AAPL,2018-07-26,7.114396959182082e-05,8.182015915097217e-05,-1.0676189559151352e-05
AAPL,2018-07-27,0.00018229309121466552,8.089122209652388e-05,0.00010140186911814165
AAPL,2018-07-30,9.281856145837725e-05,0.00013140739490792927,-3.8588833449552026e-05
AAPL,2018-07-31,0.00010774937434723241,0.00012209190642940672,-1.4342532082174306e-05
AAPL,2018-08-01,0.0001946315923567084,0.00011083894398269603,8.379264837401237e-05
AAPL,2018-08-02,0.00034152415372408896,0.0001251088727619262,0.00021641528096216276
AAPL,2018-08-03,0.00011561858264952093,0.00016930054840136473,-5.36819657518438e-05
AAPL,2018-08-06,4.466914513838749e-05,0.00011255638358905002,-6.788723845066253e-05
AAPL,2018-08-07,4.313939804042082e-05,9.532615198365452e-05,-5.2186753943233696e-05
AAPL,2018-08-08,0.00011430925521029522,9.715596708712105e-05,1.7153288123174167e-05
AAPL,2018-08-09,7.283958353670279e-05,0.00010735074805958442,-3.451116452288163e-05
AAPL,2018-08-10,6.80607551180874e-05,0.00010382538460594571,-3.5764629487858315e-05
AAPL,2018-08-13,0.0001188240166792083,0.00010625307458004246,1.2570942099165834e-05
AAPL,2018-08-14,5.8844008360379074e-05,0.00011747590542705809,-5.863189706667901e-05
AAPL,2018-08-15,5.7008744984025336e-05,0.00010667595677914493,-4.966721179511959e-05
AAPL,2018-08-16,3.947098919622764e-05,0.00010336322130500184,-6.38922321087742e-05
AAPL,2018-08-17,0.0001043574590596798,9.30630592421459e-05,1.1294399817533902e-05
AAPL,2018-08-20,0.00011837148507284056,0.00011049930911624622,7.872175956594342e-06
AAPL,2018-08-21,8.173805411276274e-05,0.00011205118791028666,-3.0313133797523915e-05
AAPL,2018-08-22,6.105613434146228e-05,0.00011975030483002474,-5.869417048856247e-05
AAPL,2018-08-23,5.85398670703786e-05,0.00011085437787825506,-5.231451080787646e-05
AAPL,2018-08-24,3.273870829158353e-05,0.00010858965032598206,-7.585094203439853e-05
AAPL,2018-08-27,5.6275679713582124e-05,9.427174226816943e-05,-3.799606255458731e-05
AAPL,2018-08-28,2.3356018491344853e-05,9.495197501210594e-05,-7.15959565207611e-05
AAPL,2018-08-29,0.00010670874281980616,8.41149257548015e-05,2.2593817065004663e-05
AAPL,2018-08-30,0.0003138394809154049,9.971610065465569e-05,0.0002141233802607492
AAPL,2018-08-31,7.02230983204176e-05,0.00012781950150633604,-5.7596403185918444e-05
AAPL,2018-09-04,6.257762474787688e-05,9.777016559152932e-05,-3.519254084365244e-05
AAPL,2018-09-05,0.00016855981172982622,9.794178604956709e-05,7.061802568025913e-05
AAPL,2018-09-06,0.00028874912304689693,0.00013608183780851877,0.00015266728523837816
AAPL,2018-09-07,0.00021589571767840113,0.000183793111110481,3.210260656792013e-05
AAPL,2018-09-10,0.0002463721126300825,0.0001789451327267297,6.742697990335284e-05
AAPL,2018-09-11,0.0003466432932001669,0.00022245649594262884,0.00012418679725753804
AAPL,2018-09-12,0.00015278877881004995,0.00024366331812734703,-9.087453931729708e-05
AAPL,2018-09-13,0.0002648980019238595,0.00022361061100988855,4.1287390913970966e-05
AAPL,2018-09-14,0.00015696803323889962,0.0002516378883230804,-9.466985508418076e-05
AAPL,2018-09-17,0.00018748173485438568,0.0002211802636107904,-3.369852875640471e-05
AAPL,2018-09-18,0.00023058408369938047,0.0002949971662997698,-6.441308260038935e-05
AAPL,2018-09-19,0.00019719888664960364,0.00025523206592853546,-5.803317927893182e-05
AAPL,2018-09-20,0.00010020510985580965,0.00023884928523273713,-0.0001386441753769275
AAPL,2018-09-21,9.394113667928534e-05,0.00021070255834785976,-0.00011676142166857442
AAPL,2018-09-24,9.643443521111325e-05,0.00019883256939522742,-0.00010239813418411417
AAPL,2018-09-25,5.2321678884057093e-05,0.0001718282836469043,-0.00011950660476284721
AAPL,2018-09-26,0.0001592124696697808,0.00015086420358848815,8.348266081292642e-06
AAPL,2018-09-27,7.327520113685774e-05,0.00017978861610593247,-0.00010651341496907473
AAPL,2018-09-28,2.586496340815304e-05,0.00016253580597211818,-0.00013667084256396514
AAPL,2018-10-01,8.719549002839535e-05,0.00012559530102417834,-3.839981099578299e-05
AAPL,2018-10-02,7.838518809587181e-05,0.0001382855979859032,-5.99004098900314e-05
AAPL,2018-10-03,9.737843382515722e-05,0.00014385064263064862,-4.6472208805491396e-05
AAPL,2018-10-04,0.00024260949480575254,0.0001487481034206776,9.386139138507494e-05
AAPL,2018-10-05,0.0005066112656791407,0.00018851984148412075,0.00031809142419502
AAPL,2018-10-08,0.00019482021313545097,0.0002783208127646181,-8.350059962916714e-05
AAPL,2018-10-09,0.00017001514144849482,0.0002202169229872286,-5.0201781538733784e-05
AAPL,2018-10-10,0.00042882182973380425,0.0002062857908609235,0.00022253603887288076
AAPL,2018-10-11,0.0005529937373634526,0.0004024378837742913,0.00015055585358916135
AAPL,2018-10-12,0.00035486895086099535,0.0003796190543590586,-2.4750103498063234e-05
AAPL,2018-10-15,9.967161614359832e-05,0.0003291973340176218,-0.0002295257178740235
AAPL,2018-10-16,0.0003191194388941802,0.0003359986052019576,-1.6879166307777417e-05
AAPL,2018-10-17,0.00010181901185302256,0.00030938384077229916,-0.0002075648289192766
AAPL,2018-10-18,0.00045746189420295527,0.00022639215069208786,0.0002310697435108674
AAPL,2018-10-19,0.00013983124988622508,0.0003691507509959254,-0.0002293195011097003
AAPL,2018-10-22,0.0001938507165160529,0.00024231926115234382,-4.8468544636290925e-05
AAPL,2018-10-23,0.00037992084323870267,0.00023982528010815408,0.0001400955631305486
AAPL,2018-10-24,0.0005207649091826753,0.0003130847980701021,0.00020768011111257315
AAPL,2018-10-25,0.00018810567656628278,0.0003909413867634942,-0.0002028357101972114
AAPL,2018-10-26,0.0006024285244269048,0.00027990646365786244,0.00032252206076904236
AAPL,2018-10-29,0.0016408408528335115,0.00037076737174812494,0.0012700734810853864
AAPL,2018-10-30,0.000348151400188643,0.0007212386603428126,-0.00037308726015416956
AAPL,2018-10-31,0.00012167984811547401,0.00042919665012204297,-0.000307516802006569
AAPL,2018-11-01,0.00023970110152586588,0.0003648308778356684,-0.0001251297763098025
AAPL,2018-11-02,0.0007315755129473178,0.0003702830913930736,0.0003612924215542442
AAPL,2018-11-05,0.00040866646448738575,0.0004415064383986945,-3.283997391130875e-05
AAPL,2018-11-06,7.904141975539596e-05,0.00046658352425324066,-0.0003875421044978447
AAPL,2018-11-07,0.00026851570838619463,0.00034741728845514815,-7.890158006895352e-05
AAPL,2018-11-08,0.0001111198504493292,0.00036888522512085555,-0.00025776537467152636
AAPL,2018-11-09,0.00015892996645780943,0.00029206043594790426,-0.00013313046949009483
AAPL,2018-11-12,0.00024086053483629276,0.00027682623694464856,-3.59657021083558e-05
AAPL,2018-11-13,0.00043106437941383915,0.0003856517969866051,4.541258242723404e-05
AAPL,2018-11-14,0.00047309739497733894,0.00037031628705153194,0.000102781107925807
AAPL,2018-11-15,0.000260492598630955,0.0006091167767795644,-0.00034862417814860943
AAPL,2018-11-16,0.00031472530663137174,0.00040710792032701987,-9.238261369564813e-05
AAPL,2018-11-19,0.00027458783021393153,0.00037885611355787323,-0.0001042682833439417
AAPL,2018-11-20,0.0005339490631163319,0.0004742756764771546,5.967338663917727e-05
AAPL,2018-11-21,0.00011159186202286105,0.0005129969737005893,-0.00040140511167772823
AAPL,2018-11-23,0.00024311624285663013,0.0004246310617887054,-0.00018151481893207528
AAPL,2018-11-26,0.00036736775403540254,0.00047824807544361047,-0.00011088032140820793
AAPL,2018-11-27,0.00015699477093025595,0.000432304924285119,-0.00027531015335486306
AAPL,2018-11-28,0.0004235748071401059,0.0003352908737223188,8.828393341778711e-05
AAPL,2018-11-29,0.0002864106671892611,0.0003649352717200284,-7.85246045307673e-05
AAPL,2018-11-30,0.00013547461707720784,0.00036885919310842804,-0.0002333845760312202
AAPL,2018-12-03,0.0002060986472719163,0.00032763539732592466,-0.00012153675005400835
AAPL,2018-12-04,0.0003631862506846282,0.0002941120222300143,6.907422845461392e-05
AAPL,2018-12-06,0.0002063068966773581,0.00038651651090005246,-0.00018020961422269435
AAPL,2018-12-07,0.000321950130587929,0.00031570349485470395,6.2466357332250765e-06
AAPL,2018-12-10,0.0005302758397650976,0.00041664020548986614,0.00011363563427523146
AAPL,2018-12-11,0.00027733488755553684,0.00042071324127493284,-0.000143378353719396
AAPL,2018-12-12,0.00012205096945174296,0.0004220029405785871,-0.00029995197112684416
AAPL,2018-12-13,0.00015304694156000225,0.00036952781252201666,-0.0002164808709620144
AAPL,2018-12-14,8.720695655708993e-05,0.00031594746250703486,-0.00022874050594994493
AAPL,2018-12-17,0.000543924678034761,0.00033337049011565974,0.0002105541879191013
AAPL,2018-12-18,0.00017230155482232497,0.0004298844385320723,-0.0002575828837097473
AAPL,2018-12-19,0.0009338254973420305,0.0003264088039136627,0.0006074166934283678
AAPL,2018-12-20,0.0007252028518346562,0.0005927162836421513,0.0001324865681925049
AAPL,2018-12-21,0.0009230231186072471,0.0005887639503525164,0.00033425916825473073
AAPL,2018-12-24,0.0005227070393675497,0.0009471890880508927,-0.00042448204868334306
AAPL,2018-12-26,0.001089625714981029,0.0007546117247674234,0.00033501399021360556
AAPL,2018-12-27,0.000952353515008647,0.0008111931296486546,0.00014116038535999238
AAPL,2018-12-28,0.000296322566295423,0.0007048144447229092,-0.0004084918784274862
AAPL,2018-12-31,0.00015666461457308355,0.0005133197237156734,-0.0003566551091425898
